name,population,area,density
Tokyo,37126000,8547,4300
Jakarta,26063000,2784,9400
Seoul,22547000,2163,10400
Delhi,22242000,1943,11500
Shanghai,20860000,3497,6000
Manila,20767000,1437,14400
Karachi,20711000,803,25800
New York,20464000,11642,1800
SaoPaulo,20186000,3173,6400
Mexico City,19463000,2046,9500
Beijing,17311000,3497,5000
Osaka-Kobe-Kyoto,17011000,3212,5300
Mumbai,16910000,546,30900
Guangzhou-Foshan,16827000,3173,5300
Moscow,15512000,4403,3500
Dhaka,15414000,347,44400
Los Angeles,14900000,6299,2400
Cairo,14718000,1658,8900
Kolkota,14374000,1204,11900
Buenos Aires,13639000,2642,5200
Istanbul,13576000,1399,9700
Rio de Janeiro,12043000,2020,6000
Shenzhen,11885000,1748,6800
Lagos,11547000,907,12700
Paris,10755000,2845,3800
Nagoya,10027000,3820,2600
Lima,9121000,648,14100
Chicago,9121000,6856,1300
Kinshasa,9046000,583,15500
Tianjin,8922000,1684,5300
Chennai,8865000,609,14600
Bogota,8702000,414,21000
Bangalore,8670000,738,11700
London,8586000,1623,5300
Taipei,8338000,1140,7300
Ho Chi Minh City,8314000,842,9900
Dongguan,8278000,1450,5700
Hyderabad,7903000,881,9000
Chengdu,7895000,971,8100
Lahore,7743000,583,13300
Johannesburg-East Rand,7618000,2525,3000
Tehran,7419000,777,9500
Essen-Dusseldorf,7304000,2642,2800
Bangkok,7151000,2202,3200
Hong Kong,7106000,275,25900
Wuhan,6995000,958,7300
Ahmedabad,6352000,298,21300
Chongqing,6321000,777,8100
Baghdad,6204000,596,10400
Hangzhou,6178000,1127,5500
Toronto,6139000,2287,2700
Kuala Lumpur,6094000,2137,2900
Santiago,6015000,919,6500
Dallas-Fort Worth,5874000,5175,1100
San Francisco-San Jose,5864000,2797,2100
Quanzhou,5798000,1399,4100
Miami,5582000,3209,1700
Shenyang,5553000,881,6300
Belo Horizonte,5523000,1010,5500
Philadelphia,5474000,5131,1100
Nanjing,5455000,1114,4900
Madrid,5427000,945,5700
Houston,5383000,4644,1200
Xi'an,5253000,803,6500
Milan,5232000,1891,2800
Luanda,5204000,492,10600
Pune,5156000,376,13700
Singapore,5155000,466,11100
Riyadh,5037000,1502,3400
Khartoum,4887000,1075,4500
St. Petersburg,4879000,1191,4100
Atlanta,4715000,6851,700
Surat,4687000,161,29200
Washington,4679000,3424,1400
Bandung,4674000,427,10900
Surabaya,4617000,673,6900
Yangon,4528000,350,13000
Alexandria,4526000,293,15500
Guadalajara,4524000,699,6500
Harbin,4477000,518,8600
Boston,4427000,5325,800
Zhengzhou,4379000,777,5600
Qingdao,4378000,1153,3800
Abidjan,4368000,324,13500
Barcelona,4223000,803,5300
Monterey,4180000,894,4700
Ankara,4172000,583,7200
Suzhou,4159000,907,4600
Phoenix,4076000,3276,1200
Salvador,4032000,389,10400
Porto Alegre,3965000,777,5100
Rome,3799000,1114,3400
Accra,3792000,932,4100
Sydney,3785000,1788,2100
Recife,3756000,414,9100
Naples,3726000,1023,3600
Detroit,3724000,3463,1100
Dalian,3717000,777,4800
Fuzhou,3713000,453,8200
Medellin,3686000,189,19500
Dar es Salaam,3676000,518,7100
Fortaleza,3597000,725,5000
Melbourne,3536000,2152,1600
Nairobi,3479000,466,7500
Taiyuan,3466000,466,7400
Kano,3466000,220,15700
Cape Town,3458000,686,5000
Hefei,3456000,596,5800
Berlin,3453000,984,3500
Montréal,3429000,1546,2200
Jinan,3427000,725,4700
Busan,3389000,259,13100
Tel Aviv,3387000,479,7100
Wuxi,3379000,673,5000
Kunming,3357000,596,5600
Jiddah,3351000,842,4000
Kabul,3327000,259,12800
Xiamen,3324000,583,5700
Athens,3269000,684,4800
Ningbo,3248000,738,4400
Dubai,3244000,1230,2600
Caracas,3244000,272,11900
Aleppo,3196000,259,12300
Curitiba,3195000,842,3800
Changsha,3168000,466,6800
Changchun,3157000,531,5900
Jaipur,3140000,168,18700
Seattle,3127000,2616,1200
Addis Abeba,3112000,337,9200
Faisalabad,3111000,181,17200
Dakar,3092000,207,14900
Casablanca,3083000,220,14000
Lisbon,3051000,958,3200
Rawalpindi-Islamabad,3047000,427,7100
Ibadan,3028000,363,8400
San Diego,2988000,1896,1600
Shijiazhuang,2987000,518,5800
Chittagong,2985000,111,26800
Kanpur,2981000,192,15600
Lucknow,2963000,238,12400
Algiers,2946000,453,6500
Durban,2929000,829,3500
Taichung,2919000,492,5900
Changzhou,2913000,829,3500
Izmir,2910000,272,10700
Urumqi,2884000,376,7700
Pyongyang,2865000,207,13800
Hyderabad,2825000,73,39000
Kiyev,2812000,544,5200
Wenzhou,2763000,259,10700
Kaohsiung,2754000,363,7600
Masbad,2738000,207,13200
Kumasi,2703000,414,6500
Minneapolis-St. Paul,2699000,2647,1000
Guiyang,2698000,298,9100
San Juan,2697000,2309,1200
Damascus,2691000,181,14800
Karaj,2682000,233,11500
Sapporo,2652000,622,4300
Amman,2594000,344,7500
Maputo,2584000,350,7400
Fukuoka,2554000,531,4800
Nagpur,2551000,220,11600
Tampa-St. Petersburg,2513000,2479,1000
Campinas,2510000,932,2700
Katowice-Gliwice-Tychy,2505000,725,3500
Sana,2497000,179,14000
Hanoi,2472000,285,8700
Douala,2471000,194,12700
Lanzhou,2467000,220,11200
Pretoria,2466000,1153,2100
Cali,2457000,155,15800
Denver,2443000,1730,1400
Yaounde,2441000,194,12600
Nanchang,2420000,544,4400
Tunis,2420000,363,6700
Cebu,2416000,207,11700
Daegu,2400000,246,9800
Kuwait,2394000,544,4400
Brasilia,2362000,673,3500
Puebla,2349000,622,3800
Guayaquil,2342000,220,10600
Shantou,2317000,363,6400
Maracaibo,2313000,155,14900
Frankfurt,2300000,673,3400
Birmingham,2294000,600,3800
Tashkent,2280000,531,4300
Zhongshan,2275000,648,3500
Port-au-Prince,2266000,171,13300
Zhangjiaggang-Jiangyin,2261000,492,4600
Abuja,2245000,225,10000
Manchester,2244000,558,4000
Nanning,2234000,306,7300
Baltimore,2224000,1857,1200
Santo Domingo,2221000,246,9000
Indore,2215000,130,17100
Medan,2207000,246,9000
Chaoyang-Chaonan,2200000,272,8100
Coimbatore,2198000,171,12900
Kalyan,2180000,85,25500
St. Louis,2172000,2393,900
Kochi,2164000,220,9800
Ascunsion,2158000,557,3900
Vancouver,2150000,1150,1900
Colombo,2145000,223,9600
Panama City,2144000,168,12700
Havana,2116000,285,7400
Rotterdam-Hague,2113000,842,2500
Goiania,2103000,673,3100
Bamako,2101000,311,6800
Baku,2095000,298,7000
Ouagadougou,2094000,350,6000
Patna,2093000,127,16500
Belem,2090000,259,8100
Linyi,2090000,596,3500
Kozhikode,2075000,119,17400
Cologne-Bonn,2063000,932,2200
Shaoxing,2052000,461,4500
Baotou,2026000,376,5400
Tangshan,2026000,277,7300
Beirut,2016000,673,3000
Antananarivo,2006000,220,9100
Kitakyushu,2003000,492,4100
Las Vegas,1983000,1080,1800
Hohhot,1949000,401,4900
Port Harcourt,1947000,158,12300
Bucharest,1931000,285,6800
Brussels,1929000,751,2600
Bhopal,1924000,148,13000
Barranquilla,1917000,142,13500
Portland,1903000,1357,1400
Orlando,1902000,1958,1000
Manaus,1897000,298,6400
Valencia,1871000,218,8600
Vadodara,1857000,137,13500
Minsk,1856000,324,5700
Thrissur,1854000,363,5100
Rabat,1854000,142,13000
Huaiyin,1827000,148,12400
San Antonio,1821000,1546,1200
Multan,1819000,142,12800
Semarang,1813000,259,7000
Gujranwala,1809000,148,12300
Lusaka,1805000,179,10100
Tijuana,1804000,466,3900
Brisbane,1801000,1826,1000
Esfahan,1798000,220,8200
Lome,1796000,207,8700
Hamburg,1794000,712,2500
Agra,1785000,130,13800
Conakry,1773000,161,11000
Sacramento,1771000,1220,1500
Visakhpatnam,1768000,181,9800
Cleveland,1765000,1999,900
La Paz,1740000,155,11200
Kampala,1740000,492,3500
Toluca,1731000,220,7900
Luoyang,1730000,220,7900
Budapest,1727000,894,1900
Vienna,1724000,453,3800
Thiruvananthapuram,1724000,142,12100
Pittsburgh,1717000,2344,700
Santa Cruz,1715000,220,7800
Warsaw,1713000,544,3100
Bursa,1706000,127,13400
Malappuram,1698000,324,5200
Santos,1697000,207,8200
Handan,1695000,168,10100
Vittoria,1666000,363,4600
Montevideo,1661000,259,6400
Yinchuan,1660000,158,10500
Quito,1656000,479,3500
Ludhiana,1648000,168,9800
Leon,1646000,158,10400
Kannur,1643000,91,18100
Brazzaville,1642000,181,9100
Phhom Pehn,1630000,166,9800
Lumumbashi,1625000,155,10500
Cincinnati,1625000,2041,800
San Salvador,1620000,155,10400
Jilin,1610000,194,8300
Haikou,1600000,311,5100
Makassar,1600000,179,9000
Nashik,1599000,111,14400
Harrare,1587000,596,2700
Marseille,1582000,1204,1300
Datong,1580000,181,8700
Johor-Bharu,1578000,531,3000
Zibo,1573000,350,4500
Kaduna,1566000,153,10200
Mogadishu,1563000,96,16300
Peshawar,1561000,117,13400
Cordoba,1553000,363,4300
Anshan,1547000,181,8500
Kansas City,1547000,1756,900
Lyon,1542000,1178,1300
Leeds-Bradford,1541000,370,4200
Mecca,1537000,389,4000
Mosul,1527000,140,10900
Yangzhou,1526000,233,6500
Vijayawada,1524000,57,26700
Tabriz,1524000,122,12500
Indianapolis,1523000,1829,800
San Jose,1515000,324,4700
Palembang,1510000,220,6900
Daejeon,1508000,132,11400
Turin,1499000,376,4000
Madurai,1493000,75,19900
Porto,1491000,389,3800
Guangju,1477000,127,11600
Novosibersk,1470000,622,2400
Varanasi,1466000,101,14500
Davao City,1462000,130,11300
Adana,1458000,124,11700
Meerut,1457000,104,14100
Virginia Beach-Norfolk,1453000,1334,1100
Penang,1450000,414,3500
Kharkov,1449000,466,3100
Mjubi Mayi,1430000,122,11700
Austin,1430000,1355,1100
Rajkot,1422000,75,18900
Almaty,1403000,420,3300
Weifang,1398000,246,5700
Benin City,1398000,228,6100
Columbus,1395000,1321,1100
Fushun,1391000,130,10700
Milwaukee,1385000,1414,1000
Kunshan,1375000,401,3400
Jamshedpur,JHA,32500,109
Xuzhou,1357000,189,7200
Ciudad Juarez,1356000,324,4200
Munich,1355000,466,2900
Yantai,1351000,262,5200
Ekaterinburg,1340000,518,2600
Shiraz,1338000,176,7600
Perth,1334000,1035,1300
Sendai,1332000,324,4100
Natal,1326000,181,7300
Hiroshima,1325000,285,4700
Charlotte,1309000,1919,700
Sao Luis,1307000,427,3100
Srinigar,1302000,127,10300
Yerevan,1300000,324,4000
Auckland,1298000,544,2400
Jabalpur,1296000,91,14300
Stockholm,1288000,377,3400
Baoding,1283000,220,5800
Rosario,1281000,233,5500
Stuttgart,1272000,414,3100
Asansol,1271000,65,19600
Prague,1265000,285,4400
Yogyakarta,1250000,233,5400
Zhuhai,1249000,246,5100
Nizhni Novgorod,1248000,622,2000
Barquisimeto,1248000,96,13000
Torreon,1246000,168,7400
Allahabad,1244000,124,10000
Pattaya,1243000,518,2400
Tainan,1233000,207,6000
Liuzhou,1227000,130,9500
Dhanbad,1222000,96,12800
Aurangabad,1216000,73,16800
Amritsar,1212000,98,12300
Maceio,1209000,104,11700
Glasgow,1201000,368,3300
Cixi (Ningbo),1200000,298,4000
Qiqihar,1197000,130,9200
Guatemala City,1195000,298,4000
Gaziantep,1193000,88,13500
Providence,1188000,1412,800
Joao Pessoa,1182000,194,6100
Copenhagen,1181000,453,2600
Sofia,1180000,207,5700
Xining,1176000,106,11100
Anyang,1173000,181,6500
Durg-Bhilainagar,1164000,114,10200
Jodhpur,1164000,83,14000
Samara,1163000,376,3100
Ranchi,1153000,57,20200
Raipur,1149000,111,10300
Omsk,1149000,492,2300
Niamey,1147000,130,8900
Medina,1147000,350,3300
Khulna,1145000,70,16400
Tripoli,1143000,194,5900
Kazan,1141000,492,2300
Vereeniging (Emfuleni),1140000,479,2400
Niamey,1135000,83,13700
Helsinki,1131000,492,2300
Chelyabinsk,1130000,583,1900
Queretero,1129000,150,7500
Huambo,1128000,57,19800
Dublin,1128000,453,2500
Gwalior,1127000,57,19800
Tblisi,1122000,194,5800
Zhangjaikou,1121000,130,8700
Bucaramanga,1119000,60,18800
Maracay,1119000,158,7100
Changshu (Suzhou),1117000,285,3900
Kollam,1110000,181,6100
Calgary,1107000,704,1600
Tegucigalpa,1103000,98,11200
Xiangyang,1100000,135,8200
Vasai-Virar,1100000,83,13300
Jacksonville,1100000,1373,800
Fez,1099000,52,21200
Belgrade,1098000,233,4700
Huainan,1095000,109,10100
Ahvaz,1094000,171,6400
Rostov,1089000,414,2600
Chifeng,1086000,85,12700
Ulsan,1085000,104,10500
Adelaide,1083000,755,1400
Mandalay,1083000,85,12700
Joinville,1078000,150,7200
Nay Pyi Taw,1078000,233,4600
Ulaanbaatar,1077000,233,4600
Memphis,1077000,1287,800
Qom,1074000,91,11800
Port Elizabeth (N. Mandela),1070000,427,2500
Haifa,1061000,228,4700
Dongying,1060000,220,4800
Jiamusi,1060000,80,13200
Kathmandu,1060000,60,17800
Salt Lake City,1055000,720,1500
Konya,1054000,130,8100
Erbil,1051000,75,14000
Lille,1050000,474,2200
Chandigarh,1050000,202,5200
Amsterdam,1050000,414,2500
Tiruchirappalli,1045000,85,12200
Florianopolis,1044000,130,8100
Merida,1043000,207,5000
San Luis Potosi,1040000,132,7900
Xinxiang,1028000,104,9900
Jiaxing,1026000,259,4000
Kota,1024000,62,16500
Nuremberg,1020000,337,3000
Ufa,1016000,168,6000
Huaibei,1015000,91,11200
Nantong,1015000,233,4400
Mombasa,1015000,85,11900
Zaria,1015000,88,11500
Kigali,1015000,114,8900
Mysore,1010000,91,11100
Odessa,1010000,207,4900
Nashville,1004000,1458,700
Bareilly,1002000,83,12100
Putian,1000000,155,6400
Hamamatsu,1000000,259,3900
Monrovia,1000000,194,5100
Changwong,1000000,104,9700
Dnepropetrovsk,1000000,324,3100
Volgograd,998000,673,1500
Guwahati,991000,70,14200
Perm,991000,337,2900
Louisville,988000,1235,800
Cartagena,987000,83,11900
Richmond,978000,1274,800
Zhanjiang,975000,83,11800
Solapur,973000,54,17900
Naha,970000,285,3400
Krasnojarsk,970000,440,2200
Edmonton,969000,855,1100
Managua,968000,155,6200
Lianyungang,966000,155,6200
Ruian (Wenzhou),965000,132,7300
Freetown,965000,91,10600
Zhenjiang,963000,168,5700
Zhuzhou,963000,155,6200
Tiruppur,963000,104,9300
Donetsk,963000,451,2100
Nice,962000,743,1300
Antwerp,960000,660,1500
Basrah,959000,158,6100
Mendoza,956000,246,3900
Aguascalientes,954000,106,9000
Mexicali,952000,202,4700
Marrakech,950000,80,11800
Qinhuangdao,947000,155,6100
Ottawa,941000,502,1900
Salem,940000,49,19100
Damman,940000,971,1000
Fuxin,938000,124,7500
Raleigh,934000,1342,700
Bengbu,933000,168,5500
Hartford,932000,1336,700
Aligarh,931000,41,22500
Quetta,928000,124,7500
Buffalo,924000,984,900
Teresina,923000,153,6000
Oslo,922000,274,3400
Jaingmen,920000,259,3600
Shaoguan,920000,130,7100
Kananga,918000,54,16900
Puning (Jieyang),910000,179,5100
New Orleans,909000,650,1400
Onitsha,908000,148,6200
Lodz,907000,181,5000
Yichang,906000,65,14000
Daqing,905000,117,7800
Antalya,901000,155,5800
Cotonou,900000,194,4600
Xiangtan,900000,130,6900
Batam,900000,218,4100
Guilin,897000,106,8400
Padang,897000,73,12400
Pingdingshan,894000,88,10200
Newcastle upon Tyne,892000,211,4200
Moradabad,890000,52,17200
Yamoussoukro,890000,57,15600
Benxi,887000,117,7600
Bandar Lampung,886000,88,10100
Mudanjiang,884000,109,8100
Hengyang,882000,60,14800
Bhubaveswar,882000,73,12200
Oklahoma City,881000,1064,800
Toulouse,880000,811,1100
Voronezh,879000,158,5600
Valparaiso-Vina del Mar,876000,161,5500
Palermo,876000,145,6000
Kingston,875000,231,3800
Maiduguri,875000,155,5600
Jalandhar,874000,57,15300
Tucuman,867000,114,7600
Aba,866000,91,9600
Kermanshah,865000,88,9800
Blantyre,860000,101,8500
Chihuahua,860000,166,5200
Culiacan,857000,106,8100
Tucson,852000,914,900
Bordeaux,845000,1173,700
Saltillo,841000,218,3900
Jinzhou,840000,78,10800
Thessaloniki,840000,194,4300
Sulaymaniyah,840000,62,13500
Ilorin,837000,83,10100
Bishkek,830000,181,4600
Haiphong,827000,65,12800
Malang,822000,88,9300
Florence,821000,220,3700
Liverpool,819000,186,4400
Baoji,815000,73,11200
Pointe Noire,810000,101,8000
Valencia,810000,272,3000
Cuiaba,809000,233,3500
El Paso,809000,650,1200
Pekan Baru,807000,67,12000
Enugu,807000,78,10400
Wahran,805000,93,8600
Honolulu,804000,440,1800
Londrina,800000,124,6400
Rizhao,800000,148,5400
Niigata,800000,223,3600
Angeles City,800000,186,4300
Abu Dhabi,800000,881,900
Da Nang,800000,65,12400
Jiaozuo,799000,130,6200
Saratov,798000,225,3500
Campo Grande,795000,210,3800
Hermosillo,790000,130,6100
Agadir,790000,91,8700
Tangier,790000,49,16100
Arequippa,790000,142,5500
Kisangani,780000,57,13700
Jerusalem,780000,233,3300
Ciudada Guayana,780000,158,4900
Zaozhuang,779000,67,11600
Sorocaba,776000,135,5800
Cucuta,775000,88,8800
Bouake,775000,98,7900
Otsu,775000,303,2600
Gdansk,775000,155,5000
Zaporizhzhya,773000,259,3000
Jos,772000,70,11000
Jingzhou,770000,62,12400
Panzhuihua,770000,52,14900
Warangal,760000,88,8600
Vientienne,760000,60,12800
Tampico,760000,145,5200
Krakow,760000,220,3500
Birmingham,760000,1373,600
Dandong,750000,117,6400
Tainan,750000,117,6400
Denpasar,750000,130,5800
Riga,750000,259,2900
Humhung,750000,49,15200
Bilbao,750000,130,5800
Seville,750000,135,5600
Kryvyy Rih,750000,166,4500
Lviv,750000,194,3900
Albuquerque,749000,650,1200
Aracaju,748000,117,6400
Zurich,742000,246,3000
Hims,741000,65,11400
Lilonge,740000,70,10600
Krasnodar,740000,181,4100
McAllen,740000,927,800
Aden,740000,49,15000
Yancheng,739000,78,9500
Bhiwandi,737000,52,14200
Zamboanga,735000,54,13500
Constantine,730000,98,7400
Reynosa,730000,168,4300
Omaha,730000,702,1000
Hannover,725000,285,2500
Gaza,725000,44,16500
Dayton,723000,909,800
Catania,720000,246,2900
Rochester,719000,839,900
Dehradun,714000,114,6300
Fuji,710000,153,4600
Tojatti,710000,145,4900
Danyang (Zhenjiang),703000,73,9700
Cangnan (Wenzhou),700000,65,10800
Zagreb,700000,158,4400
Siliguri,700000,44,15900
Shizuoka,700000,130,5400
Chongjin,700000,78,9000
Las Palmas,700000,104,6800
Ta'izz,698000,44,15900
Québec,697000,668,1000
Hegang,695000,109,6400
Gorakhpur,693000,54,12700
Fuzhou,690000,67,10200
Huzhou,690000,111,6200
Nanyang,676000,85,7900
La Plata,675000,228,3000
Liaoyang,675000,117,5800
Kumamoto,675000,130,5200
Cueurnavaca,675000,171,3900
Keyseri,675000,101,6700
Guntur,674000,36,18600
Winnipeg,672000,451,1500
Jammu,668000,70,9600
Yueyang,666000,62,10700
Nottingham,666000,159,4200
Allentown,665000,896,700
Fresno,661000,443,1500
Concepcion,660000,106,6200
Jieyang,660000,194,3400
Cuttack,659000,52,12700
Tulsa,658000,870,800
Xiangfan,656000,142,4600
Pudacherry,654000,83,7900
Eslamshahr,652000,91,7200
Blumenau,650000,104,6300
Sao Jose dos Campos,650000,168,3900
Changde,650000,98,6600
Yuyao,650000,122,5300
Hsinchu,650000,117,5600
Bremen,650000,272,2400
Saharanpur,650000,39,16700
Karawang,650000,207,3100
Samarinda,650000,52,12500
Okayama,650000,168,3900
Morelia,650000,78,8400
East London (Buffalo City),650000,153,4300
Sarasota,650000,847,800
Bulawayo,650000,233,2800
Leshan,648000,44,14700
Bikaner,648000,65,10000
Amravati,647000,44,14700
Sheffield,641000,162,4000
Dresden,640000,285,2200
Al-Hudaydah,640000,31,20600
Yingkou,633000,62,10200
Cochabamba,625000,111,5600
Genoa,625000,78,8000
Ipoh,625000,324,1900
Villahermosa,625000,65,9700
Cheongju,625000,57,11000
Springfield,621000,904,700
Mangalore,620000,65,9600
Izevsk,620000,142,4400
Nanchong,613000,70,8800
Belgaum,610000,47,13100
Barnaul,610000,111,5500
Uljanovsk,610000,91,6700
Bhavnagar,606000,34,18000
Changzhi,605000,96,6300
Jining,601000,75,8000
Ribiero Preto,600000,111,5400
Dijibouti,600000,39,15400
Jamnaga,600000,47,12900
Banjarmasin,600000,52,11600
Tasikmalaya,600000,39,15400
Banghazi,600000,119,5000
Acapulco,600000,85,7000
Veracruz,600000,88,6800
Nampo,600000,34,17800
Trujillo,600000,85,7000
Cagayan de Oro,600000,70,8600
Poznan,600000,220,2700
Wroclaw,600000,124,4800
Doha,600000,311,1900
Jeonju,600000,49,12200
Malaga,600000,168,3600
Mersin,600000,75,8000
Ashgabad,600000,122,4900
Samarkand,600000,197,3000
Baton Rouge,599000,951,600
Albany,596000,767,800
Huangshi,595000,91,6600
Lufeng (Shanwei),590000,47,12700
Vladivostock,590000,91,6500
Nantes,585000,539,1100
Mannheim,585000,168,3500
Aachen,585000,401,1500
Kaifeng,583000,117,5000
Durgapur,581000,49,11800
Panjin,580000,104,5600
Rezalyeh,580000,93,6200
Irkutsk,580000,142,4100
Malegaon,576000,23,24700
Mar del Plata,575000,109,5300
Uberlandia,575000,132,4400
Kanazawa,575000,137,4200
Nagano,575000,194,3000
Jaroslavl,575000,233,2500
Diyarbakir,575000,39,14800
Grand Rapids,572000,728,800
Liepzig,570000,285,2000
Hubli,570000,52,11000
Chabarovsk,570000,194,2900
Machackala,570000,137,4200
Eskisehir,570000,111,5100
Akron,569000,842,700
Colorado Springs,564000,487,1200
Knoxville,564000,1134,500
Bokaro Steel City,563000,49,11400
Kolhapur,562000,41,13600
Tirana,560000,85,6600
Macau,560000,21,27000
Yangquan,560000,70,8000
Zahedan,560000,75,7500
Toulon,559000,764,700
Charleston,554000,759,700
Columbia,554000,984,600
Fuyang,553000,93,5900
Raurkela,553000,85,6500
Ogden,553000,565,1000
Mianyang,551000,65,8500
Xinyang,551000,75,7300
Ajmer,551000,31,17700
Bristol,551000,140,3900
Liege,550000,285,1900
Port Said,550000,36,15200
Libreville,550000,181,3000
Jhansi,550000,41,13300
Rasht,550000,57,9700
Vilnius,550000,220,2500
Nouakchott,550000,85,6400
Cancun,550000,101,5400
Tuxla Guitierrez,550000,96,5700
Chisinau,550000,104,5300
Warri,550000,142,3900
Sargodha,550000,52,10600
Khabarovsk,550000,285,1900
Dushanbe,550000,85,6400
Liupanshui,546000,91,6000
Muscat,545000,207,2600
Xinyu,544000,80,6800
Cape Coral,541000,855,600
Gulbarga,540000,39,13900
Kagoshima,540000,127,4300
Novokuzneck,540000,106,5100
Orenburg,540000,67,8000
Bakersfield,531000,357,1500
Kemerovo,530000,106,5000
Salta,525000,109,4800
Al-Manamah,525000,313,1700
Feira de Santana,525000,78,6800
Luziana-Gama,525000,259,2000
Serang,525000,65,8100
Matsuyama,525000,80,6500
Astana,525000,155,3400
Ikorado,525000,130,4100
Bacolod City,525000,83,6300
Touba,525000,142,3700
Port of Spain,525000,285,1800
Luhansk,525000,122,4300
Barcelona-Puerto la Cruz,525000,109,4800
Maoming,520000,60,8700
Erode,520000,52,10000
Astrakhan,520000,119,4400
Razan,520000,130,4000
Tomsk,520000,104,5000
Saarbrucken,515000,233,2200
Geneva,515000,181,2800
Sangali,514000,47,11000
Linfen,510000,34,15100
Luzhou,510000,26,19700
Tongxiang,510000,52,9800
Wenling,510000,52,9800
Douai-Lens,510000,484,1100
Kerman,510000,117,4400
Bologna,510000,155,3300
Symkent,510000,135,3800
Naberenznyje Celny,510000,130,3900
Penza,510000,91,5600
Goteborg,510000,198,2600
Basel,510000,199,2600
Rajshahi,508000,26,19600
Toledo,508000,622,800
Zhangzhou,505000,104,4900
Santa Fe,500000,117,4300
Gomel,500000,127,3900
Maringa,500000,155,3200
Bangui,500000,83,6000
Lhasa,500000,104,4800
Luohe,500000,44,11400
Zhuji,500000,117,4300
Pereira,500000,44,11400
Goma,500000,39,12900
Kolwezi,500000,49,10200
Santiago,500000,104,4800
Suez,500000,73,6900
Asmara,500000,106,4700
Bangui,500000,259,1900
Firozabad,500000,28,17600
Nellore,500000,41,12100
Tellicherry,500000,80,6200
Ujjain,500000,41,12100
Balikpapan,500000,57,8800
Jambi,500000,78,6400
Pontianak,500000,62,8000
Kirkuk,500000,83,6000
Fukuyama,500000,168,3000
Mito,500000,246,2000
Utsonomiya,500000,119,4200
Qaraghandy,500000,324,1500
Miknas,500000,52,9700
Oyo,500000,49,10200
Saikot,500000,52,9700
Chiclayo,500000,57,8800
Iolio City,500000,65,7700
Bryansk,500000,181,2800
Lipeck,500000,106,4700
Tula,500000,130,3900
Tumen,500000,122,4100
Al Taif,500000,83,6000
Cheonan,500000,57,8800
Pohang,500000,91,5500
Palma de Mallorca,500000,168,3000
Zaragoza,500000,88,5700
Mariulpol,500000,171,2900
Shangqui,496000,78,6400
Xingtai,495000,47,10600
Grenoble,495000,513,1000
Langfang,493000,117,4200
Provo,492000,438,1100
Worcester,488000,787,600
Zigong,487000,41,11800
Belfast,481000,163,2900
Shaoyang,480000,36,13200
Ostrava,480000,192,2500
Yamaguchi,475000,285,1700
Wichita,475000,557,900
Kirov,470000,142,3300
Maanshan,465000,73,6400
Anshun,464000,44,10500
Rouen,462000,453,1000
Murrieta,462000,420,1100
Brighton,461000,94,4900
Nagasaki,460000,78,5900
Wuhu,457000,122,3800
Palm Bay,457000,601,800
Gold Coast,455000,474,1000
Des Moines,455000,521,900
San Juan,450000,117,3900
Zunyi,450000,23,19300
Ibague,450000,26,17400
Santiago,450000,65,6900
Al Mahallah al Kubra,450000,26,17400
Al Mansurah,450000,34,13400
Bari,450000,117,3900
Skopje,450000,83,5400
Kuching,450000,194,2300
Haarlem,450000,142,3200
Bahawalpur,450000,39,11600
Harrisburg,446000,673,700
Kitchener,445000,313,1400
Portsmouth,442000,95,4700
Avignon,441000,1370,300
Leicester,441000,102,4300
Shiyan,440000,39,11300
Liaoyuan,435000,44,9900
Little Rock,434000,668,600
Wakayama,430000,91,4700
Strasbourg,427000,222,1900
Poughkeepsie,426000,847,500
Bobo-Dioulasso,425000,78,5500
Pingxiang,425000,26,16400
Taicang,425000,91,4700
Yangjiang,425000,70,6100
Kochi,425000,142,3000
Sukkur,425000,21,20500
Kaliningrad,425000,155,2700
Edinburgh,421000,120,3500
Ganzhou,420000,73,5800
Huizhou,420000,91,4600
Jiujiang,420000,47,9000
Siping,420000,91,4600
Venice,420000,130,3200
Shuangyashan,415000,34,12300
Syracuse,412000,505,800
Kurume,410000,130,3200
Oita,410000,148,2800
Kursk,410000,91,4500
Tianshui,407000,39,10500
Jinxi,406000,91,4500
Chaoyang,405000,52,7800
Madison,405000,391,1000
Lancaster,404000,642,600
Jixi,403000,57,7100
Greenville,403000,829,500
Heze,401000,78,5200
Jinhua,400000,130,3100
Loudi,400000,47,8600
Shangyu,400000,158,2500
Tanta,400000,23,17200
Talinn,400000,181,2200
Verona,400000,168,2400
Kurashiki,400000,130,3100
Enseneda,400000,60,6700
Matamoros,400000,111,3600
Utrecht,400000,109,3700
Abeokuta,400000,62,6400
Szczecin,400000,88,4500
Ceboksary,400000,83,4800
Ivanovo,400000,142,2800
Magnitogorsk,400000,114,3500
Tver,400000,130,3100
Bratislava,400000,119,3400
Reno,397000,425,900
Songyuan,395000,57,6900
Winston-Salem,394000,837,500
Spokane,391000,425,900
Fuyang,390000,49,7900
Stavropol,390000,117,3300
Augusta,389000,673,600
Youngstown,386000,624,600
Cangzhou,385000,49,7800
Puyang,385000,62,6200
Xucheng,385000,65,5900
Yiyang,385000,31,12400
Santa Marta,385000,28,13500
Montpellier,384000,311,1200
Bournemouth,384000,108,3600
Chattanooga,383000,777,500
Port St. Lucie,382000,539,700
Scranton,382000,443,900
Yulin,376000,47,8100
Jiaojiang,375000,41,9000
Yangi,375000,49,7600
Gaya,375000,21,18100
Mazatlan,375000,54,6900
Archangelsk,375000,109,3400
Al Ain,375000,389,1000
Stockton,375000,241,1600
Saint-Etienne,372000,420,900
Korla,370000,117,3200
Laiwu,370000,91,4100
Tonghua,370000,104,3600
Bielefeld,370000,246,1500
Reading,370000,93,4000
Kakinada,368000,62,5900
Oxnard,368000,218,1700
London,366000,223,1600
Zhaotong,366000,21,17700
Baicheng,365000,65,5600
Middlesborough,365000,114,3200
Stoke-on-Trent,362000,97,3700
Indio,362000,373,1000
Modesto,361000,238,1500
Akesu,360000,41,8700
Augsburg,360000,117,3100
Valenciennes,357000,507,700
Canberra,356000,329,1100
Boise City,356000,347,1000
Yining,355000,49,7200
Flint,355000,611,600
Jackson,353000,627,600
Lancaster,352000,300,1200
Palm Coast,352000,464,800
Bethune,351000,751,500
Durham,351000,471,700
Graz,350000,246,1400
Ghent,350000,194,1800
Sarajevo,350000,67,5200
Macapa,350000,67,5200
Porto Velho,350000,85,4100
Chaozhou,350000,85,4100
Jingmen,350000,31,11300
Shihezi,350000,52,6800
Taishan,350000,44,7900
Karlsruhe,350000,119,2900
Akola,350000,44,7900
Myazaki,350000,91,3900
Ciudad Obregon,350000,44,7900
Christchurch,350000,179,2000
Wellington,350000,184,1900
Hamah,350000,47,7500
Anging,345000,78,4400
Weihei,345000,104,3300
Tours,345000,666,500
Victorville,343000,433,800
Pensacola,342000,603,600
Bissau,340000,70,4900
Coventry,336000,76,4400
Kashi,335000,39,8600
Jinzhong,330000,52,6400
Neijiang,330000,21,15900
Eindhoven,330000,153,2200
Cardiff,328000,76,4300
Mobile,327000,578,600
Chenzhou,325000,28,11400
Tieling,325000,65,5000
Wuhai,325000,47,7000
Asahikawa,325000,88,3700
Morioka,325000,65,5000
Yamagata,325000,104,3100
Ulan Ude,325000,96,3400
Sebastopol,325000,60,5500
Corpus Christi,321000,311,1000
Dezhou,320000,57,5600
Shaoyang,320000,31,10300
Smolensk,320000,54,5900
Birkenhead,320000,89,3600
Andijon,320000,127,2500
Ogbomosho,317000,41,7600
Victoria,316000,277,1100
Toyama,315000,88,3600
Fort Wayne,314000,445,700
Greensboro,314000,479,700
Lansing,314000,409,800
Bonita Springs,313000,484,600
Bujumbura,310000,60,5200
Chengde,310000,23,13300
Zhaoqing,310000,41,7500
Fayetteville,310000,513,600
St. Catharines,309000,378,800
Ann Arbor,308000,414,700
Santa Rosa,308000,254,1200
Rennes,305000,285,1100
Southamption,304000,74,4100
Kingston,301000,80,3800
Ganca,300000,73,4100
Rio Branco,300000,83,3600
Acheng,300000,39,7700
Chaohu,300000,57,5300
Liushu,300000,44,6800
Shizuishan,300000,57,5300
Suizhou,300000,21,14500
Taizhou,300000,39,7700
Yakeshi,300000,31,9700
Zhaozhuang,300000,65,4600
Rajamundry,300000,26,11600
Akita,300000,98,3000
Valetta,300000,91,3300
Sinuju,300000,13,23200
Murmansk,300000,57,5300
Fayetteville,300000,487,600
Bukhara,300000,181,1700
Namangan,300000,142,2100
Rockford,299000,396,800
Shreveport,299000,479,600
Aguadilla,299000,620,500
Halifax,298000,269,1100
Tongling,295000,57,5200
Lexington,292000,228,1300
Taizhou,290000,65,4500
Yongkang,290000,155,1900
Metz,290000,306,900
Hakodate,290000,60,4900
Huntsville,290000,544,500
Newcastle,289000,262,1100
Nancy,287000,246,1200
Central Coast,283000,303,900
Asheville,283000,686,400
Kiel,280000,117,2400
Davenport,280000,357,800
Canton,279000,430,600
Antioch,278000,210,1300
South Bend,278000,417,700
Springfield,277000,368,800
Windsor,276000,176,1600
Salzburg,275000,60,4600
Sumqayit,275000,91,3000
Gaborone,275000,236,1200
Antofagasta,275000,28,9700
Tongliao,273000,31,8800
Swansea,271000,80,3400
Xiantao,270000,26,10400
Orleans,269000,290,900
Southend,269000,67,4000
Reading,268000,269,1000
Fort Collins,267000,285,900
Lakeland,267000,378,700
Peoria,267000,373,700
Santa Clarita,267000,199,1300
Preston,265000,61,4300
Montgomery,265000,399,700
Savannah,264000,427,600
Yichun,261000,41,6300
Blackpool,261000,66,4000
Lincoln,261000,228,1100
Dongyang,260000,104,2500
Clermont-Ferrand,260000,181,1400
Magdeburg,260000,130,2000
Coatzacoalcos,260000,60,4400
Malmo,258000,72,3600
Lafayette,255000,464,600
Columbus,254000,381,700
Anchorage,253000,220,1100
Boa Vista,250000,111,2200
Temuco,250000,31,8000
Hailar,250000,70,3600
Hunjiang,250000,31,8000
Shangzhi,250000,18,13800
Bukava,250000,23,10700
Arhus,250000,93,2700
Braunschweig,250000,114,2200
Arnhem,250000,117,2100
Atlantic City,249000,324,800
Eugene,248000,225,1100
Barnstable Town,247000,717,300
Le Havre,244000,192,1300
Mulhouse,244000,238,1000
Tallahassee,242000,329,700
Shanwei,240000,23,10300
Dzerzhinsk,240000,142,1700
Paramaraibo,240000,78,3100
Laredo,239000,171,1400
Salem,239000,197,1200
Dijon,238000,166,1400
Lubbock,238000,249,1000
Wollongong,234000,184,1300
York,234000,342,700
Nicosia,230000,119,1900
Evansville,229000,308,700
Bergen,227000,96,2400
Tampere,225000,104,2200
Turku,225000,73,3100
Windhoek,225000,85,2600
Petropavlosk-Kamchatka,225000,44,5100
Yakutsk,225000,75,3000
Ljubljana,225000,54,4100
Tarsus,225000,18,12400
Wilmington,224000,347,600
Saskatoon,222000,150,1500
Visalia,221000,163,1400
Lanxi,220000,34,6500
Suqian,220000,36,6100
Brownsville,220000,212,1000
Killeen,220000,220,1000
Myrtle Beach,219000,492,400
Angers,216000,189,1100
Appleton,216000,269,800
Thousand Oaks,216000,223,1000
Berne,215000,57,3800
Concord,215000,466,500
Aberdeen,214000,339,600
Kennewick,214000,264,800
Hickory,213000,679,300
Roanoke,211000,321,700
Nassau,210000,148,1400
Hengshui,210000,34,6200
Reims,210000,94,2200
Frieburg,210000,44,4800
Blagoveshchensk,210000,60,3500
Kalamazoo,210000,342,600
Gulfport,209000,427,500
Norwich,209000,394,500
Le Mans,208000,295,700
Green Bay,208000,272,800
Portland,205000,352,600
Huntington,203000,337,600
Brest,201000,199,1000
Winter Haven,201000,347,600
Anda,200000,23,8600
Anqiu,200000,23,8600
Guiyuan,200000,28,7000
Huangyan,200000,34,5900
Liaocheng,200000,52,3900
Wanxian,200000,16,12900
Erfurt,200000,78,2600
Banda Aceh,200000,47,4300
Cork,200000,78,2600
Meseru,200000,70,2900
Pau,199000,515,400
Bremerton,199000,352,600
Caen,198000,142,1400
Amarillo,198000,210,900
Northampton,197000,50,3900
Erie,197000,212,900
Santa Barbara,196000,145,1400
Yichun,195000,13,15100
Norwich,195000,56,3500
Waterbury,195000,233,800
Ponce,195000,150,1300
Regina,193000,119,1600
Aberdeen,193000,61,3200
Fort Walton Beach,192000,313,600
Luzor,190000,13,14700
Nogales,190000,44,4300
Gainesville,190000,225,800
Perpignan,189000,218,900
Stavenger,189000,79,2400
Limoges,186000,236,800
Sunshine Coast,185000,218,800
Reykjavik,185000,80,2300
Milton Keynes,185000,57,3200
Salinas,185000,127,1500
Deltona,184000,249,700
Sunderland,183000,40,4600
Hagerstown,183000,344,500
Spartanburg,182000,492,400
Dunkerque,181000,167,1100
Lorain,181000,259,700
Hebi,180000,39,4600
Crawley,180000,54,3300
Laayoune,180000,21,8700
Bayonne,179000,314,600
Cedar Rapids,179000,215,800
Olympia,179000,275,700
Fargo,177000,181,1000
Liuan,176000,31,5700
Comodora Rivadavia,175000,47,3800
Santarem,175000,47,3800
Chambery,175000,321,500
Nimes,173000,267,600
Waco,172000,233,700
Suining,171000,18,9400
College Station,171000,184,900
Dili,170000,21,8200
Bahadurgarh,170000,36,4700
North Port,170000,308,600
Gastonia,169000,360,500
Barrie,167000,171,1000
Wigan,167000,39,4300
High Point,166000,293,600
St. John's,165000,186,900
Santa Cruz,164000,150,1100
Amiens,163000,137,1200
Hemet,163000,127,1300
Muskegon,161000,290,600
Springfield,161000,238,700
Lemesos,160000,57,2800
Trondheim,160000,64,2500
Berezniki,160000,41,3900
Ocala,160000,290,600
Clarksville,159000,285,600
Manchester,159000,223,700
Sioux Falls,159000,166,1000
Dundee,158000,46,3400
Mansfield,158000,45,3500
Warrington,158000,44,3600
Binghamton,158000,192,800
Hamilton,155000,70,2200
Swindon,155000,41,3800
Medford,154000,168,900
Annecy,153000,210,700
Charleston,153000,254,600
Port Arthur,153000,275,600
Nampa,151000,179,800
Maraba,150000,44,3400
Abbotsford,150000,158,900
Gaoyou,150000,39,3900
Temertau,150000,47,3200
Naga City,150000,13,11600
Burnley,150000,30,5000
Topeka,150000,207,700
New Bedford,149000,142,1000
Sebastian,149000,251,600
Beaumont,148000,238,600
Lafayette,148000,166,900
Spring Hill,148000,298,500
Saint-Nazaire,147000,306,500
Arecibo,146000,235,600
Champaign,145000,122,1200
Houma,145000,236,600
Marysville,145000,212,700
Elkhart,144000,238,600
Oxford,143000,32,4500
Lake Charles,143000,329,400
Panama City,143000,238,600
Kelowna,142000,142,1000
Ipswich,142000,41,3500
Slough,142000,31,4600
Frederick,142000,189,800
Sherbrooke,141000,171,800
Fredericksburg,141000,202,700
Grimsby,139000,34,4100
Newport,139000,39,3600
Tuscaloosa,139000,233,600
Telford,138000,42,3300
York,138000,31,4400
Macon,138000,254,500
Merced,138000,124,1100
Geelong,137000,101,1400
Besancon,137000,122,1100
Blackburn,137000,32,4300
Pueblo,137000,192,700
Gloucester,136000,35,3800
Peterborough,136000,40,3400
Harlingen,136000,215,600
Gerogetown,135000,70,1900
Yuma,135000,153,900
Fairfield,134000,101,1300
Racine,134000,127,1100
Troyes,133000,174,800
Bloomington,133000,127,1000
Murfreesboro,133000,199,700
Warner Robins,133000,262,500
Nuneaton,132000,33,4100
Hagatna,132000,185,700
Cambridge,131000,36,3600
Gainesville,131000,326,400
Leesburg,131000,243,500
Thionville,130000,137,900
Norilsk,130000,31,4200
Santa Maria,130000,75,1700
Tyler,130000,233,600
Yakima,130000,155,800
Hobart,129000,125,1000
Townsville,129000,155,800
Poitiers,129000,174,700
Athens,129000,254,500
Las Cruces,129000,168,800
Upsalla,128000,48,2700
Doncaster,128000,25,5100
Grand Junction,128000,205,600
La Rochelle,127000,124,1000
Valence,127000,181,700
Trois-Rivieres,126000,176,700
Hastings,126000,32,3900
Odessa,126000,153,800
Saginaw,126000,184,700
Podgorica,125000,23,5400
Columbia,125000,161,800
Simi Valley,125000,80,1600
Fort Smith,124000,184,700
Guelph,122000,78,1600
Mauldin,121000,218,600
Burlington,120000,233,500
Duluth,120000,181,700
Greeley,120000,106,1100
Johnson City,120000,285,400
South Lyon,120000,267,400
Thanet,119000,27,4500
Mayaguez,119000,156,800
Kingston,118000,93,1300
High Wycombe,118000,33,3600
Greenville,118000,168,700
Lynchburg,118000,231,500
Midland,118000,137,900
Redding,118000,184,600
Leominster,117000,168,700
Monroe,117000,212,600
Utica,117000,161,700
Yuba City,117000,101,1200
Lorient,116000,107,1100
Southport,116000,31,3800
Boulder,116000,83,1400
St. Albans,115000,32,3600
Billings,115000,137,800
Bellingham,114000,124,900
Kailua,114000,101,1100
Seaside,114000,101,1100
Montbeliard,113000,140,800
Lady Lake,113000,184,600
Waterloo,113000,161,700
Rico San German,113000,234,500
Dover,111000,192,600
St. Cloud,111000,130,900
Angouleme,110000,202,500
Cheltenham,110000,27,4100
Torbay,110000,27,4000
Abilene,110000,142,800
Waldorf,110000,176,600
Yibin,109000,13,8400
Bloomington,109000,117,900
Burlington,109000,161,700
El Centro,108000,78,1400
Pottstown,108000,205,500
Rochester,108000,132,800
Rico Yauco,108000,165,700
Chicoutimi,107000,132,800
Moncton,107000,130,800
Sudbury,107000,272,400
Vasteras,107000,52,2100
Eastbourne,107000,24,4500
Exeter,107000,25,4300
Iowa City,107000,119,900
Kingsport,107000,295,400
Sioux City,106000,140,800
Texas City,106000,197,500
Calais,105000,137,800
Dunedin,105000,85,1200
Jacksonville,105000,184,600
Rock Hill,105000,249,400
Colchester,104000,30,3500
Lincoln,104000,30,3400
Norman,104000,117,900
Eau Claire,103000,179,600
Kanata,102000,49,2100
Thunder Bay,102000,179,600
Frederikstad,102000,67,1500
Bedford,102000,24,4300
Basildon,101000,25,4100
Chesterfield,101000,28,3600
La Crosse,101000,132,800
Xingyi,100000,16,6400
Xuancheng,100000,13,7700
Malabo,100000,8,12900
Luxembourg,100000,62,1600
Male,100000,6,17500
Cairns,98000,127,800
Saint John,96000,210,500
Toowoomba,95000,119,800
Tauranga,95000,75,1300
Brantford,94000,73,1300
Darwin,92000,98,900
Red Deer,90000,62,1400
Magadan,90000,34,2700
Nanaimo,89000,104,900
Lethbridge,84000,122,700
Jonkoping,84000,44,1900
Saint-Jean-sur-Richelieu,83000,88,900
White Rock,82000,47,1800
Peterborough,81000,75,1100
Sarnia,80000,93,900
Pinghu,80000,10,7700
Port-Gentil,80000,28,2800
Ballarat,78000,114,700
Milton,76000,31,2400
Albury,74000,85,900
Kamloops,73000,52,1400
Launceston,71000,96,700
Châteauguay,71000,91,800
Palmerston North,70000,39,1800
Bendigo,69000,121,600
Sault Ste. Marie,68000,57,1200
Mackay,67000,107,600
Chilliwack,66000,80,800
Drummondville,66000,62,1100
Medicine Hat,66000,130,500
Prince George,66000,101,700
Saint-Jérôme,66000,54,1200
Belleville,64000,80,800
Fredericton,62000,142,400
Saipan,62000,77,800
Maitland,61000,91,700
Rockingham,61000,50,1200
Fort McMurray,61000,60,1000
Hamilton,60000,50,1200
Granby,60000,91,700
Moroni,60000,8,7700
Weimar,60000,21,2900
Rockhampton,59000,89,700
Fier,55000,14,3800
Grande Prairie,55000,41,1300
Hastings,55000,31,1800
North Bay,54000,137,400
Beloeil,51000,47,1100
Mamoudzou,50000,5,9700
Napier,50000,34,1500
Whangarei,50000,31,1600
Charlotte Amalie,49000,94,500
Chistiansted,48000,68,700
Bundaberg,47000,104,500
Mandurah,47000,92,500
Wagga Wagga,47000,56,800
Pago Pago,47000,73,600
Berat,45000,6,7900
Bandaburg,45000,104,400
Bunbury,45000,77,600
Thimphu,45000,5,8700
Port Maquarie,38000,54,700
Hervey Bay,36000,70,500
Shepparton,36000,37,1000
Tamworth,33000,37,900
Melton,32000,25,1300
Orange,32000,28,1100
Dubbo,31000,37,800
Kalgoorlie,28000,51,500
Mildura,28000,41,700
Bathurst,27000,40,700
Gladstone,27000,66,400
Lismore,27000,52,500
Warambool,27000,36,800
Coffs Harbour,26000,27,1000
Geraldton,25000,60,400
Richmond,25000,33,800
Sunbury,25000,22,1100
Dudinka,25000,8,3200
Mount Gambier,23000,27,900
Albany,22000,60,400
Alice Springs,22000,30,700
Devonport,22000,34,600
Goulburn,21000,55,400
Whyalla,21000,19,1100
Broken Hill,20000,25,800
Gawler,20000,23,900
Katoomba,18000,74,200
Warrangata,16000,32,500
Nuuk,14000,5,2700
Murray Bridge,13000,45,300
Port Augusta,13000,40,300
Lithgow,11000,30,400
Esperance,9000,40,200
Cluj-Napoca,309136,180,1722
Timișoara,303708,130,2350
Craiova,243765,82,2994
Pitești,148264,41,3643
Ploiești,197542,58,3394
Brașov,227961,267,853
Sibiu,137026,121,1132
Iași,263410,94,2805
Constanța,254693,125,2039
